hw7_3([1 0 3 0 7],2)

ans =

     1     8    27    44    35

diary
